1 mobile
2 tv
3
1 2 3 6 4 5 
1 2 3 6 4 5 
1 2 3 6 4 5 
1 2 3 6 4 5 
1 2 3 6 4 5 
1 2 3 4 5 6 
1 2 3 4 5 6 
1 2 3 4 5 6 7
1 2 3 4 5 6 7
1 2 3 4 5 6 7
1 2 3 4 5 6 7
1 2 3 3 4 5 6
1 2 3 3 4 5 6
1 2 3 3 4 5 6
1 2 3 3 4 5 6
1 2 3 3 4 5 6
1 1 1 1 1 1 1
1 1 1 1 1 1 
1 1 1 1 1  
021      
      
2 42424 42 424 44444444444444444444444444444444444444444444444444444444 444444444444444444444444444444444444444444444444444444444444444444444444444444444441111111111111111111111111 45666666
2 4242445 42 424 44444444444444444444444444444444444444444444444444444444 444444444444444444444444444444444444444444444444444444444444444444444444444444444441111111111111111111111111 45666666
2 4242445 42 45 44444444444444444444444444444444444444444444444444444444 444444444444444444444444444444444444444444444444444444444444444444444444444444444441111111111111111111111111 45666666
2 4242445 42 45 44444444444444444444444444444444444444444444444444444444 5 45666666
2 4242445 42 45 444444444444444444444444444444444444544444444444444444444 5 45666666
2 4242445 42 45 444444444444444444444444444444444444544444444444444444444 5 455
2 4242445 42 45 444444444444444444444444444444444444544444444444444444444 5 5
12 12 12 12 12 12 12
     1 